["port 1","LEFT"]
["port 2","BOTTOM"]
("port 1","mode 1",1,"port 1",1,"transmission")
(200, 3)
1.9156067603833869e+14 4.9420210257592641e-03 -2.4535836920025305e+00
1.9158269667636984e+14 4.9299190629022351e-03 -2.4387484042883445e+00
1.9160471731440097e+14 4.9177921229968244e-03 -2.4238705883641760e+00
1.9162673795243212e+14 4.9056435085316000e-03 -2.4089500937830666e+00
1.9164875859046325e+14 4.8934765247745423e-03 -2.3939867790848584e+00
1.9167077922849441e+14 4.8812944787822833e-03 -2.3789805120687149e+00
1.9169279986652553e+14 4.8691006783913192e-03 -2.3639311700703525e+00
1.9171482050455669e+14 4.8568984311769094e-03 -2.3488386402415302e+00
1.9173684114258781e+14 4.8446910434084625e-03 -2.3337028198278924e+00
1.9175886178061897e+14 4.8324818189628199e-03 -2.3185236164525937e+00
1.9178088241865009e+14 4.8202740582304979e-03 -2.3033009483975366e+00
1.9180290305668125e+14 4.8080710569905075e-03 -2.2880347448869127e+00
1.9182492369471241e+14 4.7958761052760771e-03 -2.2727249463690304e+00
1.9184694433274353e+14 4.7836924862046546e-03 -2.2573715048006391e+00
1.9186896497077469e+14 4.7715234747944448e-03 -2.2419743839278286e+00
1.9189098560880581e+14 4.7593723367657546e-03 -2.2265335595669775e+00
1.9191300624683697e+14 4.7472423273024157e-03 -2.2110490198850079e+00
1.9193502688486809e+14 4.7351366898173552e-03 -2.1955207656751909e+00
1.9195704752289925e+14 4.7230586546808586e-03 -2.1799488106319864e+00
1.9197906816093038e+14 4.7110114379357217e-03 -2.1643331816231339e+00
1.9200108879896153e+14 4.6989982399936589e-03 -2.1486739189553448e+00
1.9202310943699266e+14 4.6870222443095126e-03 -2.1329710766390302e+00
1.9204513007502381e+14 4.6750866160433528e-03 -2.1172247226460663e+00
1.9206715071305494e+14 4.6631945006994678e-03 -2.1014349391623477e+00
1.9208917135108609e+14 4.6513490227521924e-03 -2.0856018228346369e+00
1.9211119198911725e+14 4.6395532842539115e-03 -2.0697254850111655e+00
1.9213321262714838e+14 4.6278103634317591e-03 -2.0538060519728036e+00
1.9215523326517953e+14 4.6161233132655790e-03 -2.0378436651584422e+00
1.9217725390321066e+14 4.6044951600521340e-03 -2.0218384813814105e+00
1.9219927454124181e+14 4.5929289019636067e-03 -2.0057906730349746e+00
1.9222129517927294e+14 4.5814275075869238e-03 -1.9897004282890776e+00
1.9224331581730409e+14 4.5699939144592822e-03 -1.9735679512766597e+00
1.9226533645533522e+14 4.5586310275896828e-03 -1.9573934622673055e+00
1.9228735709336638e+14 4.5473417179784769e-03 -1.9411771978296917e+00
1.9230937773139750e+14 4.5361288211200109e-03 -1.9249194109812982e+00
1.9233139836942866e+14 4.5249951355163945e-03 -1.9086203713246022e+00
1.9235341900745981e+14 4.5139434211735330e-03 -1.8922803651679525e+00
1.9237543964549094e+14 4.5029763980952431e-03 -1.8758996956339982e+00
1.9239746028352209e+14 4.4920967447941813e-03 -1.8594786827501075e+00
1.9241948092155322e+14 4.4813070967796020e-03 -1.8430176635241722e+00
1.9244150155958438e+14 4.4706100450626687e-03 -1.8265169920032585e+00
1.9246352219761550e+14 4.4600081346653220e-03 -1.8099770393155370e+00
1.9248554283564666e+14 4.4495038631281658e-03 -1.7933981936912746e+00
1.9250756347367778e+14 4.4390996790353394e-03 -1.7767808604701598e+00
1.9252958411170894e+14 4.4287979805376328e-03 -1.7601254620843985e+00
1.9255160474974006e+14 4.4186011139094299e-03 -1.7434324380260933e+00
1.9257362538777122e+14 4.4085113720811501e-03 -1.7267022447915328e+00
1.9259564602580238e+14 4.3985309932317133e-03 -1.7099353558065455e+00
1.9261766666383350e+14 4.3886621593658276e-03 -1.6931322613304787e+00
1.9263968730186466e+14 4.3789069949241441e-03 -1.6762934683368205e+00
1.9266170793989578e+14 4.3692675654188875e-03 -1.6594195003759697e+00
1.9268372857792694e+14 4.3597458760813472e-03 -1.6425108974108849e+00
1.9270574921595806e+14 4.3503438705452258e-03 -1.6255682156339670e+00
1.9272776985398922e+14 4.3410634295569630e-03 -1.6085920272595775e+00
1.9274979049202034e+14 4.3319063697124221e-03 -1.5915829202938312e+00
1.9277181113005150e+14 4.3228744422267422e-03 -1.5745414982821189e+00
1.9279383176808262e+14 4.3139693317452536e-03 -1.5574683800319071e+00
1.9281585240611378e+14 4.3051926551798689e-03 -1.5403641993149504e+00
1.9283787304414491e+14 4.2965459605955802e-03 -1.5232296045438385e+00
1.9285989368217606e+14 4.2880307261307501e-03 -1.5060652584269483e+00
1.9288191432020722e+14 4.2796483589607930e-03 -1.4888718376007573e+00
1.9290393495823834e+14 4.2714001943128365e-03 -1.4716500322390056e+00
1.9292595559626950e+14 4.2632874945184177e-03 -1.4544005456393638e+00
1.9294797623430062e+14 4.2553114481217518e-03 -1.4371240937882510e+00
1.9296999687233178e+14 4.2474731690374766e-03 -1.4198214049055402e+00
1.9299201751036291e+14 4.2397736957577956e-03 -1.4024932189655535e+00
1.9301403814839406e+14 4.2322139906188017e-03 -1.3851402871986656e+00
1.9303605878642519e+14 4.2247949391186774e-03 -1.3677633715742303e+00
1.9305807942445634e+14 4.2175173492988100e-03 -1.3503632442613009e+00
1.9308010006248747e+14 4.2103819511750736e-03 -1.3329406870737595e+00
1.9310212070051862e+14 4.2033893962423715e-03 -1.3154964908945885e+00
1.9312414133854978e+14 4.1965402570244992e-03 -1.2980314550859613e+00
1.9314616197658091e+14 4.1898350267087986e-03 -1.2805463868799036e+00
1.9316818261461206e+14 4.1832741188239193e-03 -1.2630421007568291e+00
1.9319020325264319e+14 4.1768578669970488e-03 -1.2455194178072113e+00
1.9321222389067434e+14 4.1705865247680905e-03 -1.2279791650816418e+00
1.9323424452870547e+14 4.1644602654837045e-03 -1.2104221749274910e+00
1.9325626516673662e+14 4.1584791822435506e-03 -1.1928492843155707e+00
1.9327828580476775e+14 4.1526432879257554e-03 -1.1752613341546194e+00
1.9330030644279891e+14 4.1469525152774203e-03 -1.1576591686001743e+00
1.9332232708083003e+14 4.1414067170745528e-03 -1.1400436343519962e+00
1.9334434771886119e+14 4.1360056663513828e-03 -1.1224155799487729e+00
1.9336636835689231e+14 4.1307490567004850e-03 -1.1047758550550681e+00
1.9338838899492347e+14 4.1256365026369601e-03 -1.0871253097445819e+00
1.9341040963295462e+14 4.1206675400397375e-03 -1.0694647937824981e+00
1.9343243027098575e+14 4.1158416266564102e-03 -1.0517951559047722e+00
1.9345445090901691e+14 4.1111581426760396e-03 -1.0341172430969439e+00
1.9347647154704803e+14 4.1066163913684953e-03 -1.0164318998769437e+00
1.9349849218507919e+14 4.1022155997979129e-03 -9.9873996757636530e-01
1.9352051282311031e+14 4.0979549195964615e-03 -9.8104228363012158e-01
1.9354253346114147e+14 4.0938334277953953e-03 -9.6333968086561184e-01
1.9356455409917259e+14 4.0898501277435544e-03 -9.4563298680475993e-01
1.9358657473720375e+14 4.0860039500599556e-03 -9.2792302296699058e-01
1.9360859537523488e+14 4.0822937536689171e-03 -9.1021060418548727e-01
1.9363061601326603e+14 4.0787183268832065e-03 -8.9249653793183437e-01
1.9365263665129719e+14 4.0752763885524186e-03 -8.7478162365085099e-01
1.9367465728932831e+14 4.0719665892653351e-03 -8.5706665210874500e-01
1.9369667792735947e+14 4.0687875126089092e-03 -8.3935240475446138e-01
1.9371869856539059e+14 4.0657376764757069e-03 -8.2163965309385067e-01
1.9374071920342175e+14 4.0628155344273132e-03 -8.0392915808020438e-01
1.9376273984145288e+14 4.0600194771071435e-03 -7.8622166952067762e-01
1.9378476047948403e+14 4.0573478337003607e-03 -7.6851792549905806e-01
1.9380678111751516e+14 4.0547988734301417e-03 -7.5081865181742224e-01
1.9382880175554631e+14 4.0523708071154192e-03 -7.3312456145506810e-01
1.9385082239357744e+14 4.0500617887498994e-03 -7.1543635404683470e-01
1.9387284303160859e+14 4.0478699171293073e-03 -6.9775471538188027e-01
1.9389486366963975e+14 4.0457932375192931e-03 -6.8008031692314885e-01
1.9391688430767088e+14 4.0438297433434620e-03 -6.6241381534648880e-01
1.9393890494570203e+14 4.0419773779135082e-03 -6.4475585210194619e-01
1.9396092558373316e+14 4.0402340361921389e-03 -6.2710705299689540e-01
1.9398294622176431e+14 4.0385975665621476e-03 -6.0946802780148646e-01
1.9400496685979544e+14 4.0370657726478010e-03 -5.9183936987607544e-01
1.9402698749782659e+14 4.0356364151376027e-03 -5.7422165582176254e-01
1.9404900813585772e+14 4.0343072136328623e-03 -5.5661544515254324e-01
1.9407102877388888e+14 4.0330758485150053e-03 -5.3902127999225835e-01
1.9409304941192000e+14 4.0319399628277229e-03 -5.2143968479328917e-01
1.9411507004995116e+14 4.0308971641696348e-03 -5.0387116607713101e-01
1.9413709068798231e+14 4.0299450265943847e-03 -4.8631621220120658e-01
1.9415911132601344e+14 4.0290810925294436e-03 -4.6877529314414429e-01
1.9418113196404459e+14 4.0283028746883210e-03 -4.5124886031728928e-01
1.9420315260207572e+14 4.0276078579904078e-03 -4.3373734639410261e-01
1.9422517324010688e+14 4.0269935014915275e-03 -4.1624116516941745e-01
1.9424719387813800e+14 4.0264572402969349e-03 -3.9876071143042213e-01
1.9426921451616916e+14 4.0259964874865533e-03 -3.8129636085607244e-01
1.9429123515420028e+14 4.0256086360283593e-03 -3.6384846993610925e-01
1.9431325579223144e+14 4.0252910606867016e-03 -3.4641737590901578e-01
1.9433527643026256e+14 4.0250411199215111e-03 -3.2900339672009848e-01
1.9435729706829372e+14 4.0248561577870901e-03 -3.1160683100410658e-01
1.9437931770632484e+14 4.0247335057994231e-03 -2.9422795807696728e-01
1.9440133834435600e+14 4.0246704848094896e-03 -2.7686703795612166e-01
1.9442335898238716e+14 4.0246644068552767e-03 -2.5952431139399312e-01
1.9444537962041828e+14 4.0247125769915879e-03 -2.4219999992878494e-01
1.9446740025844944e+14 4.0248122951150184e-03 -2.2489430595223409e-01
1.9448942089648056e+14 4.0249608577562126e-03 -2.0760741279554376e-01
1.9451144153451172e+14 4.0251555598623838e-03 -1.9033948482667559e-01
1.9453346217254284e+14 4.0253936965558654e-03 -1.7309066756910441e-01
1.9455548281057400e+14 4.0256725648651851e-03 -1.5586108782441904e-01
1.9457750344860512e+14 4.0259894654428386e-03 -1.3865085381979664e-01
1.9459952408663628e+14 4.0263417042482883e-03 -1.2146005536156114e-01
1.9462154472466741e+14 4.0267265942178247e-03 -1.0428876400119109e-01
1.9464356536269856e+14 4.0271414568934863e-03 -8.7137033214678847e-02
1.9466558600072972e+14 4.0275836240399069e-03 -7.0004898592328890e-02
1.9468760663876084e+14 4.0280504392278208e-03 -5.2892378038738704e-02
1.9470962727679200e+14 4.0285392593878136e-03 -3.5799471980553735e-02
1.9473164791482312e+14 4.0290474563390334e-03 -1.8726163585377934e-02
1.9475366855285428e+14 4.0295724182878813e-03 -1.6724189884683585e-03
1.9477568919088541e+14 4.0301115513036055e-03 1.5361812474876989e-02
1.9479770982891656e+14 4.0306622807493716e-03 3.2376598027298482e-02
1.9481973046694769e+14 4.0312220527051476e-03 4.9372021202258913e-02
1.9484175110497884e+14 4.0317883353391624e-03 6.6348181591974489e-02
1.9486377174300997e+14 4.0323586202684241e-03 8.3305194587761644e-02
1.9488579238104112e+14 4.0329304238748889e-03 1.0024319111910597e-01
1.9490781301907225e+14 4.0335012886005342e-03 1.1716231738409921e-01
1.9492983365710341e+14 4.0340687842075427e-03 1.3406273458140183e-01
1.9495185429513456e+14 4.0346305090126506e-03 1.5094461863366063e-01
1.9497387493316569e+14 4.0351840910869278e-03 1.6780815991322612e-01
1.9499589557119684e+14 4.0357271894296423e-03 1.8465356296212995e-01
1.9501791620922797e+14 4.0362574951091695e-03 2.0148104621225013e-01
1.9503993684725912e+14 4.0367727323812495e-03 2.1829084170260618e-01
1.9506195748529025e+14 4.0372706597662554e-03 2.3508319479669132e-01
1.9508397812332141e+14 4.0377490711126706e-03 2.5185836389977001e-01
1.9510599876135253e+14 4.0382057966174799e-03 2.6861662017410776e-01
1.9512801939938369e+14 4.0386387038283461e-03 2.8535824725561437e-01
1.9515004003741481e+14 4.0390456986177771e-03 3.0208354097070861e-01
1.9517206067544597e+14 4.0394247261161410e-03 3.1879280905336110e-01
1.9519408131347712e+14 4.0397737716397373e-03 3.3548637086415789e-01
1.9521610195150825e+14 4.0400908615742370e-03 3.5216455710812655e-01
1.9523812258953941e+14 4.0403740642372000e-03 3.6882770955746230e-01
1.9526014322757053e+14 4.0406214907174965e-03 3.8547618077280738e-01
1.9528216386560169e+14 4.0408312956862367e-03 4.0211033382740052e-01
1.9530418450363281e+14 4.0410016781875875e-03 4.1873054203486026e-01
1.9532620514166397e+14 4.0411308823928589e-03 4.3533718867548643e-01
1.9534822577969509e+14 4.0412171983476262e-03 4.5193066672820875e-01
1.9537024641772625e+14 4.0412589626786042e-03 4.6851137860262915e-01
1.9539226705575738e+14 4.0412545592905845e-03 4.8507973587482789e-01
1.9541428769378853e+14 4.0412024200322813e-03 5.0163615902513581e-01
1.9543630833181969e+14 4.0411010253462781e-03 5.1818107717812023e-01
1.9545832896985081e+14 4.0409489048884271e-03 5.3471492784691033e-01
1.9548034960788197e+14 4.0407446381356066e-03 5.5123815667671672e-01
1.9550237024591309e+14 4.0404868549667608e-03 5.6775121719446875e-01
1.9552439088394425e+14 4.0401742362273906e-03 5.8425457055971564e-01
1.9554641152197538e+14 4.0398055142690983e-03 6.0074868531730763e-01
1.9556843216000653e+14 4.0393794734708381e-03 6.1723403715387315e-01
1.9559045279803766e+14 4.0388949507506522e-03 6.3371110865672842e-01
1.9561247343606881e+14 4.0383508360433530e-03 6.5018038907429809e-01
1.9563449407409994e+14 4.0377460727693193e-03 6.6664237407932170e-01
1.9565651471213109e+14 4.0370796582851467e-03 6.8309756553585210e-01
1.9567853535016222e+14 4.0363506443129252e-03 6.9954647126467728e-01
1.9570055598819338e+14 4.0355581373584561e-03 7.1598960481597429e-01
1.9572257662622453e+14 4.0347012991060072e-03 7.3242748523887968e-01
1.9574459726425566e+14 4.0337793468006563e-03 7.4886063685680870e-01
1.9576661790228681e+14 4.0327915536129081e-03 7.6528958904179489e-01
1.9578863854031794e+14 4.0317372489911988e-03 7.8171487599147371e-01
1.9581065917834909e+14 4.0306158189921150e-03 7.9813703650759571e-01
1.9583267981638022e+14 4.0294267065996399e-03 8.1455661377519450e-01
1.9585470045441138e+14 4.0281694120342043e-03 8.3097415514326767e-01
1.9587672109244250e+14 4.0268434930339865e-03 8.4739021190503172e-01
1.9589874173047366e+14 4.0254485651364316e-03 8.6380533908124002e-01
1.9592076236850478e+14 4.0239843019343538e-03 8.8022009520021371e-01
1.9594278300653594e+14 4.0224504353202958e-03 8.9663504208212808e-01
("port 1","mode 1",1,"port 2",1,"transmission")
(200, 3)
1.9156067603833869e+14 9.9865418455934207e-01 -6.2358791384253254e-01
1.9158269667636984e+14 9.9865706840392743e-01 -6.0791113153248910e-01
1.9160471731440097e+14 9.9865994308809569e-01 -5.9223457736242957e-01
1.9162673795243212e+14 9.9866280859404322e-01 -5.7655825145501394e-01
1.9164875859046325e+14 9.9866566490282116e-01 -5.6088215393297636e-01
1.9167077922849441e+14 9.9866851199434747e-01 -5.4520628491907941e-01
1.9169279986652553e+14 9.9867134984739359e-01 -5.2953064453619203e-01
1.9171482050455669e+14 9.9867417843960593e-01 -5.1385523290725321e-01
1.9173684114258781e+14 9.9867699774749386e-01 -4.9818005015522793e-01
1.9175886178061897e+14 9.9867980774645904e-01 -4.8250509640317479e-01
1.9178088241865009e+14 9.9868260841076961e-01 -4.6683037177424808e-01
1.9180290305668125e+14 9.9868539971358816e-01 -4.5115587639152066e-01
1.9182492369471241e+14 9.9868818162696349e-01 -4.3548161037828431e-01
1.9184694433274353e+14 9.9869095412185604e-01 -4.1980757385780065e-01
1.9186896497077469e+14 9.9869371716810806e-01 -4.0413376695335201e-01
1.9189098560880581e+14 9.9869647073449652e-01 -3.8846018978834068e-01
1.9191300624683697e+14 9.9869921478869805e-01 -3.7278684248607830e-01
1.9193502688486809e+14 9.9870194929732392e-01 -3.5711372517008644e-01
1.9195704752289925e+14 9.9870467422590958e-01 -3.4144083796371366e-01
1.9197906816093038e+14 9.9870738953893801e-01 -3.2576818099056604e-01
1.9200108879896153e+14 9.9871009519982701e-01 -3.1009575437407216e-01
1.9202310943699266e+14 9.9871279117096212e-01 -2.9442355823774824e-01
1.9204513007502381e+14 9.9871547741368305e-01 -2.7875159270515237e-01
1.9206715071305494e+14 9.9871815388830909e-01 -2.6307985789983795e-01
1.9208917135108609e+14 9.9872082055413280e-01 -2.4740835394531344e-01
1.9211119198911725e+14 9.9872347736944045e-01 -2.3173708096512075e-01
1.9213321262714838e+14 9.9872612429151475e-01 -2.1606603908286889e-01
1.9215523326517953e+14 9.9872876127665122e-01 -2.0039522842198504e-01
1.9217725390321066e+14 9.9873138828016383e-01 -1.8472464910599926e-01
1.9219927454124181e+14 9.9873400525638778e-01 -1.6905430125842194e-01
1.9222129517927294e+14 9.9873661215870890e-01 -1.5338418500264944e-01
1.9224331581730409e+14 9.9873920893955626e-01 -1.3771430046212249e-01
1.9226533645533522e+14 9.9874179555041864e-01 -1.2204464776021279e-01
1.9228735709336638e+14 9.9874437194186050e-01 -1.0637522702021045e-01
1.9230937773139750e+14 9.9874693806352322e-01 -9.0706038365391720e-02
1.9233139836942866e+14 9.9874949386415179e-01 -7.5037081918972875e-02
1.9235341900745981e+14 9.9875203929158329e-01 -5.9368357804044473e-02
1.9237543964549094e+14 9.9875457429279069e-01 -4.3699866143683319e-02
1.9239746028352209e+14 9.9875709881386143e-01 -2.8031607060870028e-02
1.9241948092155322e+14 9.9875961280003422e-01 -1.2363580678451887e-02
1.9244150155958438e+14 9.9876211619569755e-01 3.3042128807800933e-03
1.9246352219761550e+14 9.9876460894440877e-01 1.8971773494117342e-02
1.9248554283564666e+14 9.9876709098891436e-01 3.4639101039090514e-02
1.9250756347367778e+14 9.9876956227113856e-01 5.0306195393165373e-02
1.9252958411170894e+14 9.9877202273222165e-01 6.5973056434116023e-02
1.9255160474974006e+14 9.9877447231252514e-01 8.1639684039705812e-02
1.9257362538777122e+14 9.9877691095164089e-01 9.7306078087979503e-02
1.9259564602580238e+14 9.9877933858840695e-01 1.1297223845707610e-01
1.9261766666383350e+14 9.9878175516093137e-01 1.2863816502521891e-01
1.9263968730186466e+14 9.9878416060658637e-01 1.4430385767100676e-01
1.9266170793989578e+14 9.9878655486204215e-01 1.5996931627297087e-01
1.9268372857792694e+14 9.9878893786326051e-01 1.7563454071007070e-01
1.9270574921595806e+14 9.9879130954554063e-01 1.9129953086126544e-01
1.9272776985398922e+14 9.9879366984349893e-01 2.0696428660590893e-01
1.9274979049202034e+14 9.9879601869110635e-01 2.2262880782343433e-01
1.9277181113005150e+14 9.9879835602169509e-01 2.3829309439360050e-01
1.9279383176808262e+14 9.9880068176797465e-01 2.5395714619634646e-01
1.9281585240611378e+14 9.9880299586204446e-01 2.6962096311186590e-01
1.9283787304414491e+14 9.9880529823541520e-01 2.8528454502066775e-01
1.9285989368217606e+14 9.9880758881902199e-01 3.0094789180348069e-01
1.9288191432020722e+14 9.9880986754322876e-01 3.1661100334132536e-01
1.9290393495823834e+14 9.9881213433786253e-01 3.3227387951554777e-01
1.9292595559626950e+14 9.9881438913221476e-01 3.4793652020776539e-01
1.9294797623430062e+14 9.9881663185506442e-01 3.6359892529990168e-01
1.9296999687233178e+14 9.9881886243468510e-01 3.7926109467426300e-01
1.9299201751036291e+14 9.9882108079887433e-01 3.9492302821344183e-01
1.9301403814839406e+14 9.9882328687495492e-01 4.1058472580037880e-01
1.9303605878642519e+14 9.9882548058979959e-01 4.2624618731839486e-01
1.9305807942445634e+14 9.9882766186983785e-01 4.4190741265127376e-01
1.9308010006248747e+14 9.9882983064109654e-01 4.5756840168294571e-01
1.9310212070051862e+14 9.9883198682917484e-01 4.7322915429801721e-01
1.9312414133854978e+14 9.9883413035929458e-01 4.8888967038130010e-01
1.9314616197658091e+14 9.9883626115630697e-01 5.0454994981807777e-01
1.9316818261461206e+14 9.9883837914469731e-01 5.2020999249417998e-01
1.9319020325264319e+14 9.9884048424861571e-01 5.3586979829569081e-01
1.9321222389067434e+14 9.9884257639188667e-01 5.5152936710934419e-01
1.9323424452870547e+14 9.9884465549802459e-01 5.6718869882216827e-01
1.9325626516673662e+14 9.9884672149024911e-01 5.8284779332186087e-01
1.9327828580476775e+14 9.9884877429150098e-01 5.9850665049639240e-01
1.9330030644279891e+14 9.9885081382446883e-01 6.1416527023444256e-01
1.9332232708083003e+14 9.9885284001158237e-01 6.2982365242513927e-01
1.9334434771886119e+14 9.9885485277505226e-01 6.4548179695812469e-01
1.9336636835689231e+14 9.9885685203687136e-01 6.6113970372359143e-01
1.9338838899492347e+14 9.9885883771882833e-01 6.7679737261234407e-01
1.9341040963295462e+14 9.9886080974254421e-01 6.9245480351570288e-01
1.9343243027098575e+14 9.9886276802945739e-01 7.0811199632558830e-01
1.9345445090901691e+14 9.9886471250086772e-01 7.2376895093456994e-01
1.9347647154704803e+14 9.9886664307793016e-01 7.3942566723577352e-01
1.9349849218507919e+14 9.9886855968168531e-01 7.5508214512296523e-01
1.9352051282311031e+14 9.9887046223306886e-01 7.7073838449059673e-01
1.9354253346114147e+14 9.9887235065292757e-01 7.8639438523372329e-01
1.9356455409917259e+14 9.9887422486202593e-01 8.0205014724807855e-01
1.9358657473720375e+14 9.9887608478108281e-01 8.1770567043011022e-01
1.9360859537523488e+14 9.9887793033076344e-01 8.3336095467690552e-01
1.9363061601326603e+14 9.9887976143171187e-01 8.4901599988637921e-01
1.9365263665129719e+14 9.9888157800455102e-01 8.6467080595702006e-01
1.9367465728932831e+14 9.9888337996990650e-01 8.8032537278814327e-01
1.9369667792735947e+14 9.9888516724842236e-01 8.9597970027977969e-01
1.9371869856539059e+14 9.9888693976077103e-01 9.1163378833274156e-01
1.9374071920342175e+14 9.9888869742766861e-01 9.2728763684871041e-01
1.9376273984145288e+14 9.9889044016989148e-01 9.4294124572993554e-01
1.9378476047948403e+14 9.9889216790828450e-01 9.5859461487973086e-01
1.9380678111751516e+14 9.9889388056378470e-01 9.7424774420201032e-01
1.9382880175554631e+14 9.9889557805742701e-01 9.8990063360171976e-01
1.9385082239357744e+14 9.9889726031035886e-01 1.0055532829844631e+00
1.9387284303160859e+14 9.9889892724385787e-01 1.0212056922568828e+00
1.9389486366963975e+14 9.9890057877934924e-01 1.0368578613263966e+00
1.9391688430767088e+14 9.9890221483839881e-01 1.0525097901012654e+00
1.9393890494570203e+14 9.9890383534274441e-01 1.0681614784908362e+00
1.9396092558373316e+14 9.9890544021431060e-01 1.0838129264051235e+00
1.9398294622176431e+14 9.9890702937521325e-01 1.0994641337552822e+00
1.9400496685979544e+14 9.9890860274776594e-01 1.1151151004533375e+00
1.9402698749782659e+14 9.9891016025451185e-01 1.1307658264122460e+00
1.9404900813585772e+14 9.9891170181821631e-01 1.1464163115459540e+00
1.9407102877388888e+14 9.9891322736189014e-01 1.1620665557694148e+00
1.9409304941192000e+14 9.9891473680879328e-01 1.1777165589985521e+00
1.9411507004995116e+14 9.9891623008245634e-01 1.1933663211502847e+00
1.9413709068798231e+14 9.9891770710668693e-01 1.2090158421426103e+00
1.9415911132601344e+14 9.9891916780558077e-01 1.2246651218945162e+00
1.9418113196404459e+14 9.9892061210353278e-01 1.2403141603260421e+00
1.9420315260207572e+14 9.9892203992524264e-01 1.2559629573583193e+00
1.9422517324010688e+14 9.9892345119573822e-01 1.2716115129135335e+00
1.9424719387813800e+14 9.9892484584037533e-01 1.2872598269149349e+00
1.9426921451616916e+14 9.9892622378484952e-01 1.3029078992869358e+00
1.9429123515420028e+14 9.9892758495521350e-01 1.3185557299549728e+00
1.9431325579223144e+14 9.9892892927786625e-01 1.3342033188457407e+00
1.9433527643026256e+14 9.9893025667960123e-01 1.3498506658868779e+00
1.9435729706829372e+14 9.9893156708757125e-01 1.3654977710074134e+00
1.9437931770632484e+14 9.9893286042932861e-01 1.3811446341372597e+00
1.9440133834435600e+14 9.9893413663281516e-01 1.3967912552077564e+00
1.9442335898238716e+14 9.9893539562638933e-01 1.4124376341512492e+00
1.9444537962041828e+14 9.9893663733881810e-01 1.4280837709013254e+00
1.9446740025844944e+14 9.9893786169929055e-01 1.4437296653928797e+00
1.9448942089648056e+14 9.9893906863743098e-01 1.4593753175618307e+00
1.9451144153451172e+14 9.9894025808330167e-01 1.4750207273455331e+00
1.9453346217254284e+14 9.9894142996740776e-01 1.4906658946823776e+00
1.9455548281057400e+14 9.9894258422071014e-01 1.5063108195121802e+00
1.9457750344860512e+14 9.9894372077462990e-01 1.5219555017759068e+00
1.9459952408663628e+14 9.9894483956106139e-01 1.5375999414157977e+00
1.9462154472466741e+14 9.9894594051235930e-01 1.5532441383754250e+00
1.9464356536269856e+14 9.9894702356137022e-01 1.5688880925996054e+00
1.9466558600072972e+14 9.9894808864142159e-01 1.5845318040344356e+00
1.9468760663876084e+14 9.9894913568633492e-01 1.6001752726273892e+00
1.9470962727679200e+14 9.9895016463042763e-01 1.6158184983271842e+00
1.9473164791482312e+14 9.9895117540852163e-01 1.6314614810838721e+00
1.9475366855285428e+14 9.9895216795594532e-01 1.6471042208488846e+00
1.9477568919088541e+14 9.9895314220854137e-01 1.6627467175749451e+00
1.9479770982891656e+14 9.9895409810266678e-01 1.6783889712161137e+00
1.9481973046694769e+14 9.9895503557521215e-01 1.6940309817278771e+00
1.9484175110497884e+14 9.9895595456357311e-01 1.7096727490670074e+00
1.9486377174300997e+14 9.9895685500569664e-01 1.7253142731916606e+00
1.9488579238104112e+14 9.9895773684004496e-01 1.7409555540614603e+00
1.9490781301907225e+14 9.9895860000563697e-01 1.7565965916372361e+00
1.9492983365710341e+14 9.9895944444201279e-01 1.7722373858814184e+00
1.9495185429513456e+14 9.9896027008926636e-01 1.7878779367576538e+00
1.9497387493316569e+14 9.9896107688803848e-01 1.8035182442310860e+00
1.9499589557119684e+14 9.9896186477951343e-01 1.8191583082682221e+00
1.9501791620922797e+14 9.9896263370542926e-01 1.8347981288370037e+00
1.9503993684725912e+14 9.9896338360807435e-01 1.8504377059068735e+00
1.9506195748529025e+14 9.9896411443029476e-01 1.8660770394484769e+00
1.9508397812332141e+14 9.9896482611549431e-01 1.8817161294341387e+00
1.9510599876135253e+14 9.9896551860762184e-01 1.8973549758374000e+00
1.9512801939938369e+14 9.9896619185120739e-01 1.9129935786334076e+00
1.9515004003741481e+14 9.9896684579132344e-01 1.9286319377986310e+00
1.9517206067544597e+14 9.9896748037360372e-01 1.9442700533110360e+00
1.9519408131347712e+14 9.9896809554425614e-01 1.9599079251500371e+00
1.9521610195150825e+14 9.9896869125002752e-01 1.9755455532963988e+00
1.9523812258953941e+14 9.9896926743824999e-01 1.9911829377324941e+00
1.9526014322757053e+14 9.9896982405680157e-01 2.0068200784420278e+00
1.9528216386560169e+14 9.9897036105412884e-01 2.0224569754101749e+00
1.9530418450363281e+14 9.9897087837923704e-01 2.0380936286236113e+00
1.9532620514166397e+14 9.9897137598167718e-01 2.0537300380704147e+00
1.9534822577969509e+14 9.9897185381158660e-01 2.0693662037401248e+00
1.9537024641772625e+14 9.9897231181963775e-01 2.0850021256237827e+00
1.9539226705575738e+14 9.9897274995706775e-01 2.1006378037138278e+00
1.9541428769378853e+14 9.9897316817566928e-01 2.1162732380041582e+00
1.9543630833181969e+14 9.9897356642778623e-01 2.1319084284901728e+00
1.9545832896985081e+14 9.9897394466630729e-01 2.1475433751686750e+00
1.9548034960788197e+14 9.9897430284468192e-01 2.1631780780379182e+00
1.9550237024591309e+14 9.9897464091690646e-01 2.1788125370976514e+00
1.9552439088394425e+14 9.9897495883750864e-01 2.1944467523490219e+00
1.9554641152197538e+14 9.9897525656157049e-01 2.2100807237946212e+00
1.9556843216000653e+14 9.9897553404470629e-01 2.2257144514385261e+00
1.9559045279803766e+14 9.9897579124307367e-01 2.2413479352861758e+00
1.9561247343606881e+14 9.9897602811336006e-01 2.2569811753445692e+00
1.9563449407409994e+14 9.9897624461277768e-01 2.2726141716219539e+00
1.9565651471213109e+14 9.9897644069907832e-01 2.2882469241282251e+00
1.9567853535016222e+14 9.9897661633052304e-01 2.3038794328744285e+00
1.9570055598819338e+14 9.9897677146591013e-01 2.3195116978732728e+00
1.9572257662622453e+14 9.9897690606452938e-01 2.3351437191387996e+00
1.9574459726425566e+14 9.9897702008620703e-01 2.3507754966863170e+00
1.9576661790228681e+14 9.9897711349126894e-01 2.3664070305327671e+00
1.9578863854031794e+14 9.9897718624054110e-01 2.3820383206962550e+00
1.9581065917834909e+14 9.9897723829534935e-01 2.3976693671964648e+00
1.9583267981638022e+14 9.9897726961752953e-01 2.4133001700543142e+00
1.9585470045441138e+14 9.9897728016938647e-01 2.4289307292921940e+00
1.9587672109244250e+14 9.9897726991372693e-01 2.4445610449337707e+00
1.9589874173047366e+14 9.9897723881383860e-01 2.4601911170041242e+00
1.9592076236850478e+14 9.9897718683347936e-01 2.4758209455296258e+00
1.9594278300653594e+14 9.9897711393688760e-01 2.4914505305380592e+00
("port 2","mode 1",1,"port 1",1,"transmission")
(200, 3)
1.9156067603833869e+14 9.9865421192610859e-01 -6.2358793291002912e-01
1.9158269667636984e+14 9.9865709592961593e-01 -6.0791115063166579e-01
1.9160471731440097e+14 9.9865997077251878e-01 -5.9223459649170129e-01
1.9162673795243212e+14 9.9866283643699472e-01 -5.7655827061280041e-01
1.9164875859046325e+14 9.9866569290406992e-01 -5.6088217311770483e-01
1.9167077922849441e+14 9.9866854015364537e-01 -5.4520630412918270e-01
1.9169279986652553e+14 9.9867137816446883e-01 -5.2953066377011004e-01
1.9171482050455669e+14 9.9867420691416653e-01 -5.1385525216343275e-01
1.9173684114258781e+14 9.9867702637922862e-01 -4.9818006943212367e-01
1.9175886178061897e+14 9.9867983653503467e-01 -4.8250511569924903e-01
1.9178088241865009e+14 9.9868263735583440e-01 -4.6683039108797070e-01
1.9180290305668125e+14 9.9868542881476785e-01 -4.5115589572137055e-01
1.9182492369471241e+14 9.9868821088386628e-01 -4.3548162972274806e-01
1.9184694433274353e+14 9.9869098353406738e-01 -4.1980759321537414e-01
1.9186896497077469e+14 9.9869374673519606e-01 -4.0413378632254021e-01
1.9189098560880581e+14 9.9869650045600866e-01 -3.8846020916765794e-01
1.9191300624683697e+14 9.9869924466416204e-01 -3.7278686187404847e-01
1.9193502688486809e+14 9.9870197932624971e-01 -3.5711374456524442e-01
1.9195704752289925e+14 9.9870470440778591e-01 -3.4144085736460272e-01
1.9197906816093038e+14 9.9870741987323608e-01 -3.2576820039574161e-01
1.9200108879896153e+14 9.9871012568599837e-01 -3.1009577378209946e-01
1.9202310943699266e+14 9.9871282180844090e-01 -2.9442357764720362e-01
1.9204513007502381e+14 9.9871550820188415e-01 -2.7875161211462407e-01
1.9206715071305494e+14 9.9871818482662922e-01 -2.6307987730792520e-01
1.9208917135108609e+14 9.9872085164194979e-01 -2.4740837335062768e-01
1.9211119198911725e+14 9.9872350860611514e-01 -2.3173710036628498e-01
1.9213321262714838e+14 9.9872615567639067e-01 -2.1606605847851917e-01
1.9215523326517953e+14 9.9872879280905391e-01 -2.0039524781076942e-01
1.9217725390321066e+14 9.9873141995940118e-01 -1.8472466848657862e-01
1.9219927454124181e+14 9.9873403708175146e-01 -1.6905432062947062e-01
1.9222129517927294e+14 9.9873664412947261e-01 -1.5338420436285491e-01
1.9224331581730409e+14 9.9873924105497847e-01 -1.3771431981018528e-01
1.9226533645533522e+14 9.9874182780973964e-01 -1.2204466709484794e-01
1.9228735709336638e+14 9.9874440434430600e-01 -1.0637524634014678e-01
1.9230937773139750e+14 9.9874697060830164e-01 -9.0706057669371856e-02
1.9233139836942866e+14 9.9874952655045690e-01 -7.5037101205754450e-02
1.9235341900745981e+14 9.9875207211859163e-01 -5.9368377072399656e-02
1.9237543964549094e+14 9.9875460725966581e-01 -4.3699885392398705e-02
1.9239746028352209e+14 9.9875713191974980e-01 -2.8031626288747870e-02
1.9241948092155322e+14 9.9875964604406886e-01 -1.2363599884309500e-02
1.9244150155958438e+14 9.9876214957699672e-01 3.3041936981100441e-03
1.9246352219761550e+14 9.9876464246207541e-01 1.8971754335786170e-02
1.9248554283564666e+14 9.9876712464203732e-01 3.4639081906233667e-02
1.9250756347367778e+14 9.9876959605879423e-01 5.0306176286902274e-02
1.9252958411170894e+14 9.9877205665347157e-01 6.5973037355549824e-02
1.9255160474974006e+14 9.9877450636641807e-01 8.1639664989922894e-02
1.9257362538777122e+14 9.9877694513721205e-01 9.7306059068050108e-02
1.9259564602580238e+14 9.9877937290467933e-01 1.1297221946805308e-01
1.9261766666383350e+14 9.9878178960691522e-01 1.2863814606813861e-01
1.9263968730186466e+14 9.9878419518127870e-01 1.4430383874688790e-01
1.9266170793989578e+14 9.9878658956442912e-01 1.5996929738281493e-01
1.9268372857792694e+14 9.9878897269231626e-01 1.7563452185486164e-01
1.9270574921595806e+14 9.9879134450022811e-01 1.9129951204196971e-01
1.9272776985398922e+14 9.9879370492276964e-01 2.0696426782347482e-01
1.9274979049202034e+14 9.9879605389390003e-01 2.2262878907879252e-01
1.9277181113005150e+14 9.9879839134694237e-01 2.3829307568766317e-01
1.9279383176808262e+14 9.9880071721459396e-01 2.5395712753000776e-01
1.9281585240611378e+14 9.9880303142894655e-01 2.6962094448600121e-01
1.9283787304414491e+14 9.9880533392149884e-01 2.8528452643613433e-01
1.9285989368217606e+14 9.9880762462317751e-01 3.0094787326111710e-01
1.9288191432020722e+14 9.9880990346433718e-01 3.1661098484195105e-01
1.9290393495823834e+14 9.9881217037479575e-01 3.3227386105996337e-01
1.9292595559626950e+14 9.9881442528383635e-01 3.4793650179675251e-01
1.9294797623430062e+14 9.9881666812022996e-01 3.6359890693422275e-01
1.9296999687233178e+14 9.9881889881224217e-01 3.7926107635466139e-01
1.9299201751036291e+14 9.9882111728766143e-01 3.9492300994064128e-01
1.9301403814839406e+14 9.9882332347380332e-01 4.1058470757508392e-01
1.9303605878642519e+14 9.9882551729753632e-01 4.2624616914129027e-01
1.9305807942445634e+14 9.9882769868527965e-01 4.4190739452302435e-01
1.9308010006248747e+14 9.9882986756305592e-01 4.5756838360419760e-01
1.9310212070051862e+14 9.9883202385645664e-01 4.7322913626939550e-01
1.9312414133854978e+14 9.9883416749069909e-01 4.8888965240341070e-01
1.9314616197658091e+14 9.9883629839062815e-01 5.0454993189150676e-01
1.9316818261461206e+14 9.9883841648072258e-01 5.2020997461949292e-01
1.9319020325264319e+14 9.9884052168513093e-01 5.3586978047343325e-01
1.9321222389067434e+14 9.9884261392767060e-01 5.5152934934004216e-01
1.9323424452870547e+14 9.9884469313185209e-01 5.6718868110632681e-01
1.9325626516673662e+14 9.9884675922089017e-01 5.8284777565996537e-01
1.9327828580476775e+14 9.9884881211772425e-01 5.9850663288890771e-01
1.9330030644279891e+14 9.9885085174503796e-01 6.1416525268181332e-01
1.9332232708083003e+14 9.9885287802525768e-01 6.2982363492778992e-01
1.9334434771886119e+14 9.9885489088059276e-01 6.4548177951645902e-01
1.9336636835689231e+14 9.9885689023303259e-01 6.6113968633799236e-01
1.9338838899492347e+14 9.9885887600436329e-01 6.7679735528317586e-01
1.9341040963295462e+14 9.9886084811620512e-01 6.9245478624330714e-01
1.9343243027098575e+14 9.9886280648999415e-01 7.0811197911028789e-01
1.9345445090901691e+14 9.9886475104703099e-01 7.2376893377666662e-01
1.9347647154704803e+14 9.9886668170846782e-01 7.3942565013554873e-01
1.9349849218507919e+14 9.9886859839534603e-01 7.5508212808067987e-01
1.9352051282311031e+14 9.9887050102859920e-01 7.7073836750649150e-01
1.9354253346114147e+14 9.9887238952907575e-01 7.8639436830801857e-01
1.9356455409917259e+14 9.9887426381754041e-01 8.0205013038097395e-01
1.9358657473720375e+14 9.9887612381471358e-01 8.1770565362178538e-01
1.9360859537523488e+14 9.9887796944125939e-01 8.3336093792751975e-01
1.9363061601326603e+14 9.9887980061782677e-01 8.4901598319607130e-01
1.9365263665129719e+14 9.9888161726503666e-01 8.6467078932590913e-01
1.9367465728932831e+14 9.9888341930351876e-01 8.8032535621632790e-01
1.9369667792735947e+14 9.9888520665391911e-01 8.9597968376733805e-01
1.9371869856539059e+14 9.9888697923691283e-01 9.1163377187973216e-01
1.9374071920342175e+14 9.9888873697321856e-01 9.2728762045517188e-01
1.9376273984145288e+14 9.9889047978361722e-01 9.4294122939588609e-01
1.9378476047948403e+14 9.9889220758895547e-01 9.5859459860516893e-01
1.9380678111751516e+14 9.9889392031017521e-01 9.7424772798691506e-01
1.9382880175554631e+14 9.9889561786831549e-01 9.8990061744605018e-01
1.9385082239357744e+14 9.9889730018452871e-01 1.0055532668881590e+00
1.9387284303160859e+14 9.9889896718009752e-01 1.0212056762198634e+00
1.9389486366963975e+14 9.9890061877645164e-01 1.0368578453485631e+00
1.9391688430767088e+14 9.9890225489516149e-01 1.0525097741824987e+00
1.9393890494570203e+14 9.9890387545797321e-01 1.0681614626309988e+00
1.9396092558373316e+14 9.9890548038681526e-01 1.0838129106040579e+00
1.9398294622176431e+14 9.9890706960380937e-01 1.0994641180128117e+00
1.9400496685979544e+14 9.9890864303127802e-01 1.1151150847692679e+00
1.9402698749782659e+14 9.9891020059176949e-01 1.1307658107863634e+00
1.9404900813585772e+14 9.9891174220805679e-01 1.1464162959780260e+00
1.9407102877388888e+14 9.9891326780315892e-01 1.1620665402591905e+00
1.9409304941192000e+14 9.9891477730034273e-01 1.1777165435457619e+00
1.9411507004995116e+14 9.9891627062314803e-01 1.1933663057546415e+00
1.9413709068798231e+14 9.9891774769538955e-01 1.2090158268038089e+00
1.9415911132601344e+14 9.9891920844117310e-01 1.2246651066122327e+00
1.9418113196404459e+14 9.9892065278490094e-01 1.2403141450999360e+00
1.9420315260207572e+14 9.9892208065128318e-01 1.2559629421880314e+00
1.9422517324010688e+14 9.9892349196535635e-01 1.2716114977986877e+00
1.9424719387813800e+14 9.9892488665248647e-01 1.2872598118551377e+00
1.9426921451616916e+14 9.9892626463837964e-01 1.3029078842817767e+00
1.9429123515420028e+14 9.9892762584909822e-01 1.3185557150040246e+00
1.9431325579223144e+14 9.9892897021105209e-01 1.3342033039485592e+00
1.9433527643026256e+14 9.9893029765104469e-01 1.3498506510430024e+00
1.9435729706829372e+14 9.9893160809624282e-01 1.3654977562163670e+00
1.9437931770632484e+14 9.9893290147420466e-01 1.3811446193985490e+00
1.9440133834435600e+14 9.9893417771288884e-01 1.3967912405208724e+00
1.9442335898238716e+14 9.9893543674066332e-01 1.4124376195156674e+00
1.9444537962041828e+14 9.9893667848630663e-01 1.4280837563165052e+00
1.9446740025844944e+14 9.9893790287902207e-01 1.4437296508582655e+00
1.9448942089648056e+14 9.9893910984844636e-01 1.4593753030768517e+00
1.9451144153451172e+14 9.9894029932465234e-01 1.4750207129096038e+00
1.9453346217254284e+14 9.9894147123815991e-01 1.4906658802948973e+00
1.9455548281057400e+14 9.9894262551994295e-01 1.5063108051725345e+00
1.9457750344860512e+14 9.9894376210143598e-01 1.5219554874834664e+00
1.9459952408663628e+14 9.9894488091454847e-01 1.5375999271699199e+00
1.9462154472466741e+14 9.9894598189164641e-01 1.5532441241754531e+00
1.9464356536269856e+14 9.9894706496559182e-01 1.5688880784448695e+00
1.9466558600072972e+14 9.9894813006972660e-01 1.5845317899242519e+00
1.9468760663876084e+14 9.9894917713788711e-01 1.6001752585610616e+00
1.9470962727679200e+14 9.9895020610440399e-01 1.6158184843040035e+00
1.9473164791482312e+14 9.9895121690411670e-01 1.6314614671031165e+00
1.9475366855285428e+14 9.9895220947236640e-01 1.6471042069098203e+00
1.9477568919088541e+14 9.9895318374501285e-01 1.6627467036768266e+00
1.9479770982891656e+14 9.9895413965842661e-01 1.6783889573581832e+00
1.9481973046694769e+14 9.9895507714951537e-01 1.6940309679093659e+00
1.9484175110497884e+14 9.9895599615569297e-01 1.7096727352871346e+00
1.9486377174300997e+14 9.9895689661491716e-01 1.7253142594496362e+00
1.9488579238104112e+14 9.9895777846566858e-01 1.7409555403564825e+00
1.9490781301907225e+14 9.9895864164698545e-01 1.7565965779684927e+00
1.9492983365710341e+14 9.9895948609842133e-01 1.7722373722480878e+00
1.9495185429513456e+14 9.9896031176008659e-01 1.7878779231589039e+00
1.9497387493316569e+14 9.9896111857264058e-01 1.8035182306660751e+00
1.9499589557119684e+14 9.9896190647728322e-01 1.8191582947361005e+00
1.9501791620922797e+14 9.9896267541577055e-01 1.8347981153369124e+00
1.9503993684725912e+14 9.9896342533040905e-01 1.8504376924379438e+00
1.9506195748529025e+14 9.9896415616405965e-01 1.8660770260098332e+00
1.9508397812332141e+14 9.9896486786014549e-01 1.8817161160248965e+00
1.9510599876135253e+14 9.9896556036263284e-01 1.8973549624566675e+00
1.9512801939938369e+14 9.9896623361606984e-01 1.9129935652802852e+00
1.9515004003741481e+14 9.9896688756554530e-01 1.9286319244722128e+00
1.9517206067544597e+14 9.9896752215671314e-01 1.9442700400104087e+00
1.9519408131347712e+14 9.9896813733579726e-01 1.9599079118742806e+00
1.9521610195150825e+14 9.9896873304956468e-01 1.9755455400445878e+00
1.9523812258953941e+14 9.9896930924536342e-01 1.9911829245036967e+00
1.9526014322757053e+14 9.9896986587109227e-01 2.0068200652353072e+00
1.9528216386560169e+14 9.9897040287521410e-01 2.0224569622245880e+00
1.9530418450363281e+14 9.9897092020675438e-01 2.0380936154582119e+00
1.9532620514166397e+14 9.9897141781528165e-01 2.0537300249242501e+00
1.9534822577969509e+14 9.9897189565095168e-01 2.0693661906122389e+00
1.9537024641772625e+14 9.9897235366445614e-01 2.0850021125132159e+00
1.9539226705575738e+14 9.9897279180705145e-01 2.1006377906196159e+00
1.9541428769378853e+14 9.9897321003054751e-01 2.1162732249253340e+00
1.9543630833181969e+14 9.9897360828730974e-01 2.1319084154257664e+00
1.9545832896985081e+14 9.9897398653024250e-01 2.1475433621177138e+00
1.9548034960788197e+14 9.9897434471281654e-01 2.1631780649994279e+00
1.9550237024591309e+14 9.9897468278904478e-01 2.1788125240706546e+00
1.9552439088394425e+14 9.9897500071347567e-01 2.1944467393325398e+00
1.9554641152197538e+14 9.9897529844121025e-01 2.2100807107876745e+00
1.9556843216000653e+14 9.9897557592788189e-01 2.2257144384401331e+00
1.9559045279803766e+14 9.9897583312966620e-01 2.2413479222953554e+00
1.9561247343606881e+14 9.9897607000326982e-01 2.2569811623603391e+00
1.9563449407409994e+14 9.9897628650592507e-01 2.2726141586433317e+00
1.9565651471213109e+14 9.9897648259539995e-01 2.2882469111542294e+00
1.9567853535016222e+14 9.9897665822997850e-01 2.3038794199040789e+00
1.9570055598819338e+14 9.9897681336847344e-01 2.3195116849055881e+00
1.9572257662622453e+14 9.9897694797019776e-01 2.3351437061728011e+00
1.9574459726425566e+14 9.9897706199499325e-01 2.3507754837210277e+00
1.9576661790228681e+14 9.9897715540320675e-01 2.3664070175672114e+00
1.9578863854031794e+14 9.9897722815568168e-01 2.3820383077294593e+00
1.9581065917834909e+14 9.9897728021376309e-01 2.3976693542274594e+00
1.9583267981638022e+14 9.9897731153930502e-01 2.4133001570821322e+00
1.9585470045441138e+14 9.9897732209463252e-01 2.4289307163158691e+00
1.9587672109244250e+14 9.9897731184256866e-01 2.4445610319523428e+00
1.9589874173047366e+14 9.9897728074642100e-01 2.4601911040166371e+00
1.9592076236850478e+14 9.9897722876996586e-01 2.4758209325351266e+00
1.9594278300653594e+14 9.9897715587745839e-01 2.4914505175355988e+00
("port 2","mode 1",1,"port 2",1,"transmission")
(200, 3)
1.9156067603833869e+14 4.9419747023691394e-03 -2.4534624527000353e+00
1.9158269667636984e+14 4.9298793168755968e-03 -2.4386267805946287e+00
1.9160471731440097e+14 4.9177589843616143e-03 -2.4237485920898321e+00
1.9162673795243212e+14 4.9056170066556640e-03 -2.4088277370822060e+00
1.9164875859046325e+14 4.8934566883422669e-03 -2.3938640744599136e+00
1.9167077922849441e+14 4.8812813357707934e-03 -2.3788574723749853e+00
1.9169279986652553e+14 4.8690942560448659e-03 -2.3638078085203906e+00
1.9171482050455669e+14 4.8568987559813549e-03 -2.3487149704092793e+00
1.9173684114258781e+14 4.8446981410674179e-03 -2.3335788556528163e+00
1.9175886178061897e+14 4.8324957143701681e-03 -2.3183993722434035e+00
1.9178088241865009e+14 4.8202947754445698e-03 -2.3031764388358043e+00
1.9180290305668125e+14 4.8080986192084348e-03 -2.2879099850304288e+00
1.9182492369471241e+14 4.7959105348075138e-03 -2.2725999516549797e+00
1.9184694433274353e+14 4.7837338044418344e-03 -2.2572462910481415e+00
1.9186896497077469e+14 4.7715717021891303e-03 -2.2418489673410074e+00
1.9189098560880581e+14 4.7594274927983656e-03 -2.2264079567366806e+00
1.9191300624683697e+14 4.7473044304562903e-03 -2.2109232477911620e+00
1.9193502688486809e+14 4.7352057575504904e-03 -2.1953948416882612e+00
1.9195704752289925e+14 4.7231347033977840e-03 -2.1798227525143274e+00
1.9197906816093038e+14 4.7110944829595750e-03 -2.1642070075299937e+00
1.9200108879896153e+14 4.6990882955375724e-03 -2.1485476474351959e+00
1.9202310943699266e+14 4.6871193234496213e-03 -2.1328447266342785e+00
1.9204513007502381e+14 4.6751907306887474e-03 -2.1170983134922841e+00
1.9206715071305494e+14 4.6633056615653758e-03 -2.1013084905880701e+00
1.9208917135108609e+14 4.6514672393312339e-03 -2.0854753549601979e+00
1.9211119198911725e+14 4.6396785647874698e-03 -2.0695990183472035e+00
1.9213321262714838e+14 4.6279427148827462e-03 -2.0536796074184482e+00
1.9215523326517953e+14 4.6162627412897643e-03 -2.0377172639988612e+00
1.9217725390321066e+14 4.6046416689705001e-03 -2.0217121452849174e+00
1.9219927454124181e+14 4.5930824947351123e-03 -2.0056644240497845e+00
1.9222129517927294e+14 4.5815881857808258e-03 -1.9895742888394272e+00
1.9224331581730409e+14 4.5701616782286986e-03 -1.9734419441585238e+00
1.9226533645533522e+14 4.5588058756433712e-03 -1.9572676106431792e+00
1.9228735709336638e+14 4.5475236475565400e-03 -1.9410515252236702e+00
1.9230937773139750e+14 4.5363178279668997e-03 -1.9247939412728474e+00
1.9233139836942866e+14 4.5251912138553393e-03 -1.9084951287420728e+00
1.9235341900745981e+14 4.5141465636818392e-03 -1.8921553742815043e+00
1.9237543964549094e+14 4.5031865958802446e-03 -1.8757749813481142e+00
1.9239746028352209e+14 4.4923139873689491e-03 -1.8593542702952499e+00
1.9241948092155322e+14 4.4815313720401257e-03 -1.8428935784481244e+00
1.9244150155958438e+14 4.4708413392655442e-03 -1.8263932601618404e+00
1.9246352219761550e+14 4.4602464324054588e-03 -1.8098536868625108e+00
1.9248554283564666e+14 4.4497491473190071e-03 -1.7932752470681530e+00
1.9250756347367778e+14 4.4393519308873709e-03 -1.7766583463947623e+00
1.9252958411170894e+14 4.4290571795409326e-03 -1.7600034075398880e+00
1.9255160474974006e+14 4.4188672378135769e-03 -1.7433108702479612e+00
1.9257362538777122e+14 4.4087843968794111e-03 -1.7265811912554814e+00
1.9259564602580238e+14 4.3988108931440027e-03 -1.7098148442148819e+00
1.9261766666383350e+14 4.3889489068238280e-03 -1.6930123195982940e+00
1.9263968730186466e+14 4.3792005605576209e-03 -1.6761741245779977e+00
1.9266170793989578e+14 4.3695679180418816e-03 -1.6593007828875406e+00
1.9268372857792694e+14 4.3600529826811948e-03 -1.6423928346581704e+00
1.9270574921595806e+14 4.3506576962719637e-03 -1.6254508362345619e+00
1.9272776985398922e+14 4.3413839377139203e-03 -1.6084753599668284e+00
1.9274979049202034e+14 4.3322335217485944e-03 -1.5914669939800008e+00
1.9277181113005150e+14 4.3232081977302231e-03 -1.5744263419213389e+00
1.9279383176808262e+14 4.3143096484380902e-03 -1.5573540226822171e+00
1.9281585240611378e+14 4.3055394889142265e-03 -1.5402506701001371e+00
1.9283787304414491e+14 4.2968992653515036e-03 -1.5231169326349867e+00
1.9285989368217606e+14 4.2883904540155903e-03 -1.5059534730239075e+00
1.9288191432020722e+14 4.2800144602096277e-03 -1.4887609679125682e+00
1.9290393495823834e+14 4.2717726172908470e-03 -1.4715401074645793e+00
1.9292595559626950e+14 4.2636661857246103e-03 -1.4542915949479269e+00
1.9294797623430062e+14 4.2556963521942562e-03 -1.4370161462992377e+00
1.9296999687233178e+14 4.2478642287604503e-03 -1.4197144896684553e+00
1.9299201751036291e+14 4.2401708520699430e-03 -1.4023873649396659e+00
1.9301403814839406e+14 4.2326171826233402e-03 -1.3850355232327156e+00
1.9303605878642519e+14 4.2252041040950743e-03 -1.3676597263856729e+00
1.9305807942445634e+14 4.2179324227159904e-03 -1.3502607464158014e+00
1.9308010006248747e+14 4.2108028667062255e-03 -1.3328393649646662e+00
1.9310212070051862e+14 4.2038160857815260e-03 -1.3153963727221256e+00
1.9312414133854978e+14 4.1969726507042849e-03 -1.2979325688368279e+00
1.9314616197658091e+14 4.1902730529202979e-03 -1.2804487603066066e+00
1.9316818261461206e+14 4.1837177042376092e-03 -1.2629457613575479e+00
1.9319020325264319e+14 4.1773069365854312e-03 -1.2454243928055591e+00
1.9321222389067434e+14 4.1710410018298769e-03 -1.2278854814066258e+00
1.9323424452870547e+14 4.1649200716696016e-03 -1.2103298591938272e+00
1.9325626516673662e+14 4.1589442375833049e-03 -1.1927583628040541e+00
1.9327828580476775e+14 4.1531135108564916e-03 -1.1751718327932161e+00
1.9330030644279891e+14 4.1474278226738652e-03 -1.1575711129450061e+00
1.9332232708083003e+14 4.1418870242798580e-03 -1.1399570495691784e+00
1.9334434771886119e+14 4.1364908872101027e-03 -1.1223304907961673e+00
1.9336636835689231e+14 4.1312391035921775e-03 -1.1046922858648831e+00
1.9338838899492347e+14 4.1261312865112452e-03 -1.0870432844063016e+00
1.9341040963295462e+14 4.1211669704525073e-03 -1.0693843357263568e+00
1.9343243027098575e+14 4.1163456118073751e-03 -1.0517162880856699e+00
1.9345445090901691e+14 4.1116665894465601e-03 -1.0340399879792963e+00
1.9347647154704803e+14 4.1071292053611779e-03 -1.0163562794197585e+00
1.9349849218507919e+14 4.1027326853774852e-03 -9.9866600321887966e-01
1.9352051282311031e+14 4.0984761799298993e-03 -9.8096999627871739e-01
1.9354253346114147e+14 4.0943587648948820e-03 -9.6326909088061707e-01
1.9356455409917259e+14 4.0903794425085878e-03 -9.4556411398857043e-01
1.9358657473720375e+14 4.0865371423211483e-03 -9.2785588655252971e-01
1.9360859537523488e+14 4.0828307222318585e-03 -9.1014522282561505e-01
1.9363061601326603e+14 4.0792589695731116e-03 -8.9243292968939869e-01
1.9365263665129719e+14 4.0758206022596674e-03 -8.7471980598940968e-01
1.9367465728932831e+14 4.0725142699901060e-03 -8.5700664188443343e-01
1.9369667792735947e+14 4.0693385555081703e-03 -8.3929421820805528e-01
1.9371869856539059e+14 4.0662919759085810e-03 -8.2158330584419137e-01
1.9374071920342175e+14 4.0633729840012537e-03 -8.0387466511817540e-01
1.9376273984145288e+14 4.0605799697253572e-03 -7.8616904520374564e-01
1.9378476047948403e+14 4.0579112616075707e-03 -7.6846718354704613e-01
1.9380678111751516e+14 4.0553651282597865e-03 -7.5076980530867632e-01
1.9382880175554631e+14 4.0529397799356354e-03 -7.3307762282374267e-01
1.9385082239357744e+14 4.0506333701101471e-03 -7.1539133508071795e-01
1.9387284303160859e+14 4.0484439971072029e-03 -6.9771162722099345e-01
1.9389486366963975e+14 4.0463697057659953e-03 -6.8003917005927761e-01
1.9391688430767088e+14 4.0444084891288765e-03 -6.6237461962347610e-01
1.9393890494570203e+14 4.0425582901732785e-03 -6.4471861671632769e-01
1.9396092558373316e+14 4.0408170035704395e-03 -6.2707178649990203e-01
1.9398294622176431e+14 4.0391824774572462e-03 -6.0943473810121362e-01
1.9400496685979544e+14 4.0376525152569127e-03 -5.9180806424037602e-01
1.9402698749782659e+14 4.0362248774981147e-03 -5.7419234088231530e-01
1.9404900813585772e+14 4.0348972836663890e-03 -5.5658812690895743e-01
1.9407102877388888e+14 4.0336674140688186e-03 -5.3899596381716730e-01
1.9409304941192000e+14 4.0325329117158601e-03 -5.2141637543798103e-01
1.9411507004995116e+14 4.0314913842146981e-03 -5.0384986767757489e-01
1.9413709068798231e+14 4.0305404056657172e-03 -4.8629692828490967e-01
1.9415911132601344e+14 4.0296775185830530e-03 -4.6875802663736388e-01
1.9418113196404459e+14 4.0289002358037829e-03 -4.5123361355289388e-01
1.9420315260207572e+14 4.0282060424087678e-03 -4.3372412111972164e-01
1.9422517324010688e+14 4.0275923976514734e-03 -4.1622996255611966e-01
1.9424719387813800e+14 4.0270567368690920e-03 -3.9875153208197722e-01
1.9426921451616916e+14 4.0265964734093815e-03 -3.8128920481827511e-01
1.9429123515420028e+14 4.0262090005398548e-03 -3.6384333670680913e-01
1.9431325579223144e+14 4.0258916933566908e-03 -3.4641426444832618e-01
1.9433527643026256e+14 4.0256419106839848e-03 -3.2900230546084763e-01
1.9435729706829372e+14 4.0254569969690440e-03 -3.1160775786273404e-01
1.9437931770632484e+14 4.0253342841499295e-03 -2.9423090046461287e-01
1.9440133834435600e+14 4.0252710935280286e-03 -2.7687199278988733e-01
1.9442335898238716e+14 4.0252647376194384e-03 -2.5953127510843310e-01
1.9444537962041828e+14 4.0253125219811472e-03 -2.4220896848764764e-01
1.9446740025844944e+14 4.0254117470380898e-03 -2.2490527486022424e-01
1.9448942089648056e+14 4.0255597098720524e-03 -2.0762037711032960e-01
1.9451144153451172e+14 4.0257537060046974e-03 -1.9035443917089265e-01
1.9453346217254284e+14 4.0259910311532731e-03 -1.7310760614248424e-01
1.9455548281057400e+14 4.0262689829622337e-03 -1.5588000441594013e-01
1.9457750344860512e+14 4.0265848627200158e-03 -1.3867174181992969e-01
1.9459952408663628e+14 4.0269359770389000e-03 -1.2148290777437458e-01
1.9462154472466741e+14 4.0273196395265989e-03 -1.0431357345657334e-01
1.9464356536269856e+14 4.0277331724123339e-03 -8.7163791980449795e-02
1.9466558600072972e+14 4.0281739081622558e-03 -7.0033598586266316e-02
1.9468760663876084e+14 4.0286391910642240e-03 -5.2923010840684764e-02
1.9470962727679200e+14 4.0291263787787315e-03 -3.5832028844009954e-02
1.9473164791482312e+14 4.0296328438669156e-03 -1.8760635449609930e-02
1.9475366855285428e+14 4.0301559752892275e-03 -1.7087964898804772e-03
1.9477568919088541e+14 4.0306931798783389e-03 1.5323538991157059e-02
1.9479770982891656e+14 4.0312418837718201e-03 3.2336438496155070e-02
1.9481973046694769e+14 4.0317995338312214e-03 4.9329985827553768e-02
1.9484175110497884e+14 4.0323635990154542e-03 6.6304280835464177e-02
1.9486377174300997e+14 4.0329315717388481e-03 8.3259439158486853e-02
1.9488579238104112e+14 4.0335009691862623e-03 1.0019559196293730e-01
1.9490781301907225e+14 4.0340693346090466e-03 1.1711288567345320e-01
1.9492983365710341e+14 4.0346342385828744e-03 1.3401148170518795e-01
1.9495185429513456e+14 4.0351932802424988e-03 1.5089155618753056e-01
1.9497387493316569e+14 4.0357440884792820e-03 1.6775329969016858e-01
1.9499589557119684e+14 4.0362843231167593e-03 1.8459691694309951e-01
1.9501791620922797e+14 4.0368116760488501e-03 2.0142262655727836e-01
1.9503993684725912e+14 4.0373238723575905e-03 2.1823066074220318e-01
1.9506195748529025e+14 4.0378186713916379e-03 2.3502126502346410e-01
1.9508397812332141e+14 4.0382938678269979e-03 2.5179469796022574e-01
1.9510599876135253e+14 4.0387472926886820e-03 2.6855123086093974e-01
1.9512801939938369e+14 4.0391768143516376e-03 2.8529114750022261e-01
1.9515004003741481e+14 4.0395803395124755e-03 3.0201474383612248e-01
1.9517206067544597e+14 4.0399558141265965e-03 3.1872232772722098e-01
1.9519408131347712e+14 4.0403012243313795e-03 3.3541421865227478e-01
1.9521610195150825e+14 4.0406145973313949e-03 3.5209074742816687e-01
1.9523812258953941e+14 4.0408940022607729e-03 3.6875225593305794e-01
1.9526014322757053e+14 4.0411375510203632e-03 3.8539909682814427e-01
1.9528216386560169e+14 4.0413433990912715e-03 4.0203163328155767e-01
1.9530418450363281e+14 4.0415097463225866e-03 4.1865023869709839e-01
1.9532620514166397e+14 4.0416348376862265e-03 4.3525529644071542e-01
1.9534822577969509e+14 4.0417169640250463e-03 4.5184719957224528e-01
1.9537024641772625e+14 4.0417544627573600e-03 4.6842635057863369e-01
1.9539226705575738e+14 4.0417457185748943e-03 4.8499316110931628e-01
1.9541428769378853e+14 4.0416891641091692e-03 5.0154805171456096e-01
1.9543630833181969e+14 4.0415832805784733e-03 5.1809145158610004e-01
1.9545832896985081e+14 4.0414265984112666e-03 5.3462379830105011e-01
1.9548034960788197e+14 4.0412176978503328e-03 5.5114553756644680e-01
1.9550237024591309e+14 4.0409552095350288e-03 5.6765712296877235e-01
1.9552439088394425e+14 4.0406378150661185e-03 5.8415901572522710e-01
1.9554641152197538e+14 4.0402642475447599e-03 6.0065168443677541e-01
1.9556843216000653e+14 4.0398332920940664e-03 6.1713560484488317e-01
1.9559045279803766e+14 4.0393437863701660e-03 6.3361125959070208e-01
1.9561247343606881e+14 4.0387946210403616e-03 6.5007913797597017e-01
1.9563449407409994e+14 4.0381847402525912e-03 6.6653973572604663e-01
1.9565651471213109e+14 4.0375131420846916e-03 6.8299355475773549e-01
1.9567853535016222e+14 4.0367788789759133e-03 6.9944110294433892e-01
1.9570055598819338e+14 4.0359810581420781e-03 7.1588289388948290e-01
1.9572257662622453e+14 4.0351188419737501e-03 7.3231944669615012e-01
1.9574459726425566e+14 4.0341914484167147e-03 7.4875128574245919e-01
1.9576661790228681e+14 4.0331981513372925e-03 7.6517894045651158e-01
1.9578863854031794e+14 4.0321382808751185e-03 7.8160294509345019e-01
1.9581065917834909e+14 4.0310112237732162e-03 7.9802383851426673e-01
1.9583267981638022e+14 4.0298164236982426e-03 8.1444216396508151e-01
1.9585470045441138e+14 4.0285533815486458e-03 8.3085846885836778e-01
1.9587672109244250e+14 4.0272216557367783e-03 8.4727330455303140e-01
1.9589874173047366e+14 4.0258208624711599e-03 8.6368722613836391e-01
1.9592076236850478e+14 4.0243506760115743e-03 8.8010079221412929e-01
1.9594278300653594e+14 4.0228108289154961e-03 8.9651456467496138e-01
